6949
7084
7097
7141
7169
7438
7552
7593
7730
7937
7947
8194
8229
8270
8326
8354
8551
8628
8635
8647
8652
8717
8744
8837
8849
8935
8962
9043
9143
9186
9307
9334
9374
9379
9382
9402
9406
9489
9534
9616
9650
9740
9835
9862
0384
0438
0480
0646
0651
0674
0679
0736
0766
0845
0853
0964
3049
3076
3086
3796
3934
4093
4097
4764
4927
4930
4970
5068
5099
5196
5328
5373
5389
5497
5956
6041
6076
6182
6306
6307
6434
6905
6927
6929
7038
7046
7148
7434
7435
7450
7460
7495
7554
7652
7695
7740
7843
8048
8064
8329
8364
8374
8496
8548
8634
8680
8714
8718
8953
8995
9033
9035
9236
9245
9360
9375
9415
9434
9435
9436
9477
9626
9643
9673
9730
9748
9768
9857
9906
9948
0146
0261
0294
0374
0381
0496
0499
0575
0643
0735
0784
0836
0842
0855
0960
2894
3046
3063
3768
3772
3950
3980
4037
4064
4073
4079
4309
4634
4730
4839
4928
5086
5376
5838
5948
5994
5996
6085
6137
6167
6194
6237
6440
6695
6720
6738
6804
6826
6856
6862
6935
6937
7043
7064
7340
7362
7549
7629
7967
8072
8174
8259
8443
8493
8619
8643
8735
8736
8776
8795
8941
8983
9032
9034
9046
9108
9206
9289
9313
9352
9353
9358
9380
9385
9386
9445
9468
9564
9607
9617
9702
9743
9833
0389
0393
0443
0492
0595
0743
0749
0762
3091
3809
3873
3898
3932
4704
5097
5729
5749
6038
6052
6053
6072
6139
6495
6594
6727
6748
6792
6818
6823
7037
7370
7493
7618
7683
7834
7994
8041
8043
8362
8568
8653
8697
8725
8747
8794
8960
9130
9183
9241
9246
9257
9384
9549
9572
9728
9769
9816
9892
9928
0292
0362
0436
0659
0947
0961
5073
5549
5935
5982
6058
6193
6394
7346
7358
7360
7396
7439
7597
7930
7990
8097
8278
8395
9049
9249
9287
9407
9446
9624
9893
9926
0296
0537
0692
0760
3093
4085
4305
4603
4604
4618
4962
5726
5817
5934
6071
6086
6229
6346
6408
6438
6573
6735
6736
7041
7059
7194
7196
7350
7628
7948
8294
8339
8349
8394
8903
8952
9036
9063
9085
9107
9139
9141
9269
9351
9433
9640
9679
9846
9861
0670
0673
0839
2493
4392
4904
6303
6706
6807
8057
8074
8578
8638
8739
8829
8926
8961
9048
9066
9174
9207
9209
9228
9419
9574
9670
0544
0589
0672
0767
0940
5706
6073
6376
6384
6439
6538
6732
6763
6817
6843
6853
7052
7149
7635
7639
7698
7838
8061
8344
8637
8743
9037
9149
9205
9208
9302
9361
9538
9615
9645
9682
9735
9759
0696
4083
4905
6056
6092
6863
7056
7461
7636
7830
7962
8059
8095
8737
9305
9364
9409
9528
9703
9839
0447
4940
5194
6079
6084
6094
6492
6724
6805
6906
7061
7094
7339
7938
8334
8376
8620
8641
9051
9068
9073
9185
9370
9482
9647
9681
9683
0593
0647
0746
0793
3951
4761
6059
6078
6328
6629
6829
8039
8092
8429
8839
8947
9038
9064
9178
9359
9367
9381
9391
9447
9460
9628
9660
9726
9729
0856
3953
6097
6726
7091
8076
8728
9469
9529
9608
9940
0763
0847
4934
5928
6095
6297
6496
8346
8356
8538
8598
8729
8738
8936
8939
9265
9343
9347
9737
0794
6096
7638
8067
8973
9340
9373
9550
6098
6803
6994
7436
8636
9430
0635
6039
7036
7349
7693
8065
8137
8437
8948
9138
9938
0675
9071
9076
9148
9159
9526
3794
6082
7065
8397
8539
8646
9695
9805
6806
7993
8146
8343
8557
0439
8438
9047
9539
6093
7063
8196
6827
7394
0859
8957
9480
6793
0738
8398
6835
7637
9629
8093
8068
